270.4660531201
-65.1108206885
-208.2884119675
-134.2187030437
-251.3517111341
767.6412235226
33.8145631322
-6.7773075543
142.6005055788
148.2205390139
-74.1060442639
-233.3822028165
-14.0096879503
-54.5619210420
107.6354938963
1.3793798794
215.9794077182
237.1945290690
1.5209695817
-131.2162913239
96.7255715654
-132.8170327192
-133.7124021834
410.8364701719
-364.1046509802
-4.4108041239
97.6120224547
185.4604061235
-319.2404364470
-4.1309199293
-66.5018888088
46.8995674484
-42.0168247166
-136.2303866514
184.9043045331
76.4729903276
-19.5404685356
281.1236060226
395.5675236407
-62.2411851637
-2.0030756982
142.8530326109
135.9311150593
-446.3820667603
340.3510177660
-358.8323081583
193.3736497613
286.5780719502
-293.5192186883
55.3299050042
70.5391046719
35.9749103069
-60.9273058054
149.0079111017
542.4319453075
-306.2664242604
-350.9668928939
15.9696024457
336.6488402156
58.8586443523
-21.3526752265
-701.4961422774
-86.9365441124
217.0795275192
411.0531868852
-210.2478683069
-362.2101207861
431.5911072468
-150.6639038511
-180.5668496398
-253.2304455195
109.5208488264
-27.9739561739
-411.5675573455
272.3737150483
222.3836737894
-11.5470153644
96.8410973994
-160.9435724144
448.2836394034
-22.9108762565
255.7222931272
-214.1206100564
213.0944538729
-268.1018742210
-68.8814638097
436.7059165446
508.2824187504
166.4580275088
-21.7442902484
-1.8270748079
68.1229757187
190.7168552558
-130.2558102193
43.8832134139
-378.0336784523
279.9786585226
49.7675739153
-387.8704784395
207.0886495088
369.2090643321
-79.6767436957
-155.0453155233
511.2089133055
-206.9514521310
-495.0158175361
112.8422275365
427.8564142529
-378.8869869867
-108.7281533229
-202.6483204698
12.7694928124
121.7976809281
243.9597293645
51.0583213153
107.5437335880
-433.8118302182
18.1506463824
401.1105327552
121.8464777480
210.0908446266
-375.8676741295
-113.2203012298
-139.7195694518
-164.3862343204
156.2891833336
341.2164637576
-111.0706750928
-103.6919170820
-366.9573931071
-145.2841301180
407.5565585821
62.5943226554
-119.8887219454
37.5835338448
-114.6654489702
-43.7081031485
164.7866869922
-85.2010073378
-168.2938562392
17.7126695114
-227.5059676843
-17.1176694459
-162.0977394444
-538.3895114899
-390.5188466064
8.3271476495
-171.7992671204
-319.4528331995
175.4881565113
66.5640844579
-94.6369166748
49.1143358048
55.5751149571
-225.4954097430
317.5474564863
303.9768501174
-282.5948364392
72.8396388005
83.6545057975
9.7447373256
1.5486430126
-124.8736989388
248.0575277476
-263.1424660295
190.8742042833
198.8032458729
-326.9832854041
519.3676947127
275.0453732627
-555.2267228344
115.7880032994
-61.0135314773
-114.2401286382
284.1014682090
-189.7798529734
38.5879162075
-299.9807264037
-61.8527188136
-223.8596507274
-497.8922513152
-156.8481925168
-53.8962037172
78.5226314036
-57.4777491579
95.5714943651
39.3358915986
-34.0038670494
-96.7300656129
43.1768744833
-47.7620247169
-471.9824858888
-329.1524246522
41.0974369042
312.2598411059
-62.9630384124
117.2502313552
-74.0322560014
-195.8243779573
258.4200770919
-105.0314657652
-102.8274871572
358.1901159429
74.1343801636
-52.6000025532
440.8349552505
141.1920196951
-24.4788138419
89.7600067510
-106.7224794211
11.7280145969
419.3703560292
175.8085423113
-141.0050503861
-493.0538336477
-119.9194557844
157.0722883438
-140.6201419312
274.5131878899
52.7086005126
16.6849109253
240.1059526832
-130.9719913599
422.3733122857
-304.0728471980
270.1599195129
98.2684783663
-516.2657495850
-250.6738144694
110.5304412502
-507.9322301582
211.8469504857
440.7513796780
-257.0145434504
207.8464943772
230.3736151342
145.5775431643
-7.1672939547
-159.8448597833
522.6178347596
-283.4861135583
-226.8141019660
181.7078718414
-309.2875432800
-112.6452741197
-9.4458028389
-146.7653912275
-232.3958131433
313.8781272369
-49.8496896002
-242.0968544962
-241.4424135505
132.1956898042
60.0521549575
275.5731247362
229.5126421659
58.4187689855
-196.4213476207
-366.3883464843
-52.2998978627
134.6556462029
640.6381403549
-182.1941947448
-90.6898878177
-248.0995322919
17.8851802665
-321.8015853503
-100.9934965750
263.0458413797
-191.6964650087
19.0981795280
-323.6204146376
460.0753136520
245.4318234433
-272.5069817158
-113.4791395377
147.6346238156
-152.8061883502
70.9926406988
-388.5305918480
-196.6706428999
34.3621090411
8.9265038791
-340.5081347940
-223.1069862179
192.4923006926
263.7703662441
-149.4539383644
293.9325983502
176.3006356819
-393.7953076172
-145.1042221273
-193.9510523810
-185.6452085275
-388.1811518597
166.3568366784
-556.0837229623
106.7649118101
110.8851056240
-207.9605260309
-36.4375813022
-257.7219866828
-41.7840762033
-193.4664551437
417.4642058343
-62.2715211442
307.5984608279
-117.0906511142
-634.2707032650
437.6920724793
-277.3138782703
87.6639702835
-141.8885576256
353.8556333541
166.0165678663
-30.9396264299
33.9506560949
62.0284833156
-90.6633761584
-135.7080102193
-35.7935862830
-165.4454558653
565.7485024298
-76.2395726120
-36.3268917771
-184.7963428010
-116.8203551866
430.0138804570
158.4595300216
-104.6987642703
242.4389788828
-166.7278452121
-191.6102777714
43.7470205646
-323.1098454554
248.8182984595
-46.7278356268
-61.9678872276
-341.4581835230
-405.8510456039
-210.9520882812
-176.9993790524
-237.1586078671
-58.0325024116
422.6751122105
225.2428466435
-322.2919293162
197.9843527010
-56.0136787198
455.4388345338
91.9994247068
150.7987087815
124.9770606286
-106.9003440230
-164.4526604585
-222.5504006848
-103.2630323006
-494.6896879943
-184.0385512800
-219.7289370646
-42.8221408723
427.1832547178
71.9468780801
-44.8751102068
335.9599933909
-491.5309087595
225.5193126854
-284.5305999763
33.2006061517
64.5554681785
-471.6212867537
-343.2766884806
147.7262771783
52.9300473098
-182.3609427331
13.9072297740
181.4422035521
143.6569025655
295.5813467085
-135.1017194490
63.9679973487
-443.0972482154
114.7596840059
463.6239828238
-581.2112491656
-155.0181821198
-136.5849826050
-312.3689438905
-381.2453137594
-176.6488807987
249.7557681194
49.0987162600
-178.0423237774
686.2707292980
217.5370881515
237.9269719281
-195.6395479602
200.8576247701
138.5555998535
236.7106948954
-133.4164124255
111.5430549582
386.4895623798
30.2892794403
138.4334851626
-534.2029500992
81.9603167961
-140.6534079929
-20.5746008253
144.8281997595
-49.8146355338
-132.5286347804
-144.3441735749
-70.6490609564
-248.5582375269
120.0626195971
-20.2636177034
-206.6025222717
507.5361010448
188.9225777994
363.2463691138
-19.2421770959
-27.2301908453
-24.8428163997
86.8877831263
-46.1510745816
-12.0937137423
-76.4541673017
-480.5094491056
44.5583361996
-307.4007256839
335.8357431893
238.4160844630
-437.5797312134
-26.0880859345
-8.8975167410
158.2301929592
-102.2178708017
-290.9054474684
522.6588772770
-180.5242134035
-113.3461097656
107.9518509273
-344.8870376582
-278.1724283031
339.2932223220
-275.3544617126
283.0387913616
679.2093847234
215.2546252373
214.9719387891
-256.2866209271
-50.6297443581
20.6122796705
-141.7192187556
-38.6378762281
225.6815173934
-158.3399042356
290.5207934187
223.8679261092
268.9033824357
-236.7162939562
-320.0921151999
122.8834813460
311.6463045562
-167.5350556948
-334.9006260540
-8.5585589764
-272.2801049168
54.9224306134
-133.7854287342
-56.0452762148
69.7050719261
-198.8134435316
-61.3180468070
202.1085595868
-180.0395841209
-81.2135733022
292.7813110322
140.6551486486
299.5045893563
87.5015705543
45.1260613426
5.0883407838
-153.1165561635
-63.1894960856
36.1216234834
462.2836158940
152.5539926637
-71.3944492548
278.8698107363
-135.9807147285
-114.2825945313
56.6463886649
-189.4662044804
-464.5284375158
325.8194052881
88.7841848106
-150.6036069756
-322.8575431611
-52.8972762288
-105.7309408683
32.0526746416
-45.2054259369
-22.7926903935
269.8101602331
193.8890777189
-70.1211927301
280.0071950355
12.9802959375
-294.0573397319
-74.4471636818
-222.4576303888
-146.2410463284
-248.8368672188
167.3101722430
416.2065110704
-116.3687525787
75.7947851033
20.2586927234
301.0873601463
-5.0618322721
-82.4432528157
378.4031662434
-90.7950259795
134.4226494758
239.4622025499
56.9944410462
-307.6113254437
-249.0644154915
75.6997220082
-241.6389807985
-134.6203040192
-209.4559471237
208.3884152558
38.9361190538
372.2200936602
120.7450178302
196.4909974070
-136.1760106724
-263.7880388447
296.6326280314
437.7465049383
-299.3418713795
202.8671731056
55.6345806211
-77.4070581878
226.2765699811
-145.9214985074
44.2855946271
58.6308072004
-173.8115144179
-250.5072853614
40.4633293038
-13.6677397648
-335.8050638441
16.9203584571
-453.5273630878
-297.4237198226
-115.7080711754
97.5075304293
122.1994821226
-363.2732912853
193.7923736649
78.0897599329
-121.1101397625
68.6748930628
-185.1811374303
84.0773385807
-21.4483313113
136.9776227914
-171.7566567354
-161.5350640048
-76.6036120402
-315.1096920911
365.4492228614
145.5220204452
-160.2367686643
-95.8885352737
-246.0003042847
-231.5784584210
-10.5519842324
273.6801116856
-389.9558096743
86.8823019658
241.4284969936
-50.3572850108
-77.5128189986
-73.2313169934
236.0367989491
-81.0502473277
15.5735899552
422.8985829461
20.9722357566
-177.3732506367
66.6076048299
-108.2534431144
93.7005676239
-194.1186748893
-23.2273721126
-31.8218671591
-150.2298356518
9.3250592426
-466.4419942006
-58.5255023619
133.6649308738
295.4087151509
133.9123286889
125.8474118339
-61.9196571207
342.2265364390
19.1613552703
-19.6185664182
31.0218975031
-93.9048448131
-247.5391101266
-283.0671581131
105.9973603258
103.8529250644
-69.3580650219
310.0312925655
66.7348617186
38.4215716436
542.9496203022
-391.1419389854
482.1022944460
186.0510780300
-241.8545232600
-209.5692498567
190.5613936257
28.8583658821
-167.2732054440
38.2488963395
-260.4330081948
-110.4032598842
-584.6706510287
-74.1236359628
-28.3124942461
122.2497276312
79.8768553365
235.8434405381
-192.7477884192
100.8045460183
183.3063663363
-41.7476346406
-343.7346138233
32.2653794016
154.0033200264
-16.4425629328
-473.8034174808
299.9733634308
105.7332892879
-129.6554159780
23.2786083144
87.0065868860
-189.4298015697
-171.2575443068
266.2996055735
52.0842006754
-188.0897257682
202.2392503352
367.8861658793
191.5643292105
-167.2734333010
-86.9031149389
196.3255074747
-223.9739829914
127.0969887886
490.4941377635
112.3149545322
-92.8777347928
-32.8486801135
38.5261083931
114.6939851569
153.2067614793
-110.5061490047
106.1082385842
120.4400993708
66.3487153727
-221.1964667946
86.0722135360
119.6189902386
-198.5564449620
422.7841860270
82.8549115201
2.8437719675
55.2094101902
-46.1837155472
210.4882544908
154.8014448406
138.7232849400
76.7091133162
-14.3503334387
-227.1143263967
-171.2662621536
265.3361602412
-150.5683018236
175.6702748163
-114.6785969211
63.1058140232
45.3729242797
-3.2338437138
52.3489633059
-7.2401862287
76.0093411160
171.6484923306
152.5032431630
70.6343513295
-84.0692926156
-260.1133201898
249.0760128657
57.0198951618
101.8969563544
126.7623195786
-106.3958917235
-139.7448941479
-19.4184724542
31.2672594978
-484.4248395916
106.0136901828
98.5540758676
338.2638700153
-100.3607733338
-202.0708943536
160.0725059312
-31.7494289001
-292.8945314792
51.1090279225
449.9415896113
270.5502966792
349.1712762662
-200.0168445660
32.7394062627
347.9055409907
220.9068376501
39.6212931954
-5.8196038301
252.9359441863
-195.7538544407
-39.9659779860
61.5908570935
-107.4846928903
-258.6333529710
171.0915053815
259.8244631443
20.9098801321
90.2125261310
-79.0021027207
-97.0962206134
12.8441300728
-80.6852349909
368.6779519761
-22.0170291045
46.3181269964
430.3897714558
272.2283790242
-122.2757198706
306.6430062770
196.5592188309
198.5547891516
43.0003367360
-431.7101431280
148.2757699956
-111.0653443060
521.4854125709
357.2394044849
35.3326588267
205.0716344483
-11.6475689813
-147.7147474630
165.5222153339
326.4556243719
316.3098192076
65.8794283548
-267.3532007000
-375.7524038386
-55.9062884936
-205.7386798025
18.0805368234
-309.1970506675
531.5778627324
287.5585164108
-403.2055049193
534.5952260644
-252.4387612643
362.9383929391
-287.5398865165
-145.1068404796
-408.4405433983
-147.7534570299
-361.6778682144
-62.6352108301
-20.6145284971
-264.8772902392
166.5884056734
300.1407606853
-59.4634066574
69.4466155713
-170.5938415345
164.8859435026
-60.7521072276
-188.3056485773
-85.8411946592
102.8430894181
52.4068766246
-178.9203856393
-141.9070645036
-422.5794800065
-216.7561917357
16.3992699942
-37.1730831048
299.9060535699
48.0010943238
-10.3048093091
-324.3916948473
40.9952862333
34.1721748887
80.9614478875
497.7856855817
-268.4055732552
-256.1731252875
16.6165260406
168.8235162187
14.1337741002
55.1045568427
138.5627765015
-300.3494489298
25.8647206713
-221.0387276879
192.7719311076
-290.2383072382
-206.1623139035
-323.0994918293
179.0966794406
-161.3749525428
-117.8508187663
-93.2840885366
141.0305334104
33.0017826015
133.8928911150
-56.6028587357
8.2116901356
325.1899269453
-153.3637160501
122.6266745949
283.5609245831
-107.1111711764
116.3764280803
-6.3799027202
63.4680508697
-70.3515199889
-65.7840932010
-58.8488331700
-81.4185923541
-30.3842826097
298.1965438675
51.2953981545
13.9259859736
-634.4657038676
5.1520935180
-8.4921554055
235.8791847529
4.8934087016
-37.2394790363
0.9750107714
-165.9845654285
382.5167211666
-261.4349410241
61.8633735837
-28.3675397686
77.4390051501
-24.8806746971
207.8219313203
-247.1781356753
-21.4832595689
-32.8996658652
72.3152688601
412.6652899881
41.8154740729
-52.7715412287
21.3841878178
-248.9793987938
-137.2256047278
-229.9729796768
414.1567671183
253.1122784591
-164.5135283568
-100.3890141588
51.8760290648
-237.5344928863
-142.4509844160
399.4841399494
-52.3492477343
145.7397349299
278.0057297876
-53.2419343712
-157.3461181708
72.5646186173
-417.8594062099
11.8195313141
65.7288407171
-394.0698223649
298.9646701570
-171.6215047168
-294.8629739246
140.4951815844
-8.2762404324
-253.1095405420
-41.4585797967
102.8633213766
-239.0420075898
332.1616426230
242.8941772271
74.0281264212
-405.4452001942
-63.8659608327
-203.2439329462
122.3851687986
376.6686852617
-23.6388194189
-350.7839709333
149.9062691723
13.7272480198
343.5952213723
374.2445266432
-387.4463406753
11.3070857107
102.8005136790
-72.2068719536
-457.9304653852
-661.9062225822
-704.9968772464
73.0438115134
36.4508861675
129.6501313219
14.0887728279
-121.4180184174
273.7762540705
304.9884435430
-323.0202302517
418.0457276730
-26.3784970089
-209.9430256140
-7.7377342391
10.1945006216
-364.0592936146
368.2135281422
-366.6040358654
-348.4957486428
-126.6422668449
189.4234124921
-318.9319829181
-175.3149693869
-193.2942672863
-78.6281627115
261.5763525989
70.7268334199
-280.8205362010
-354.0757636194
110.8628289983
185.7153533621
88.4688086560
-399.2924171935
237.8809642277
61.3276963077
114.7592298364
120.8388860066
-370.0485374820
-129.0086058064
-80.8647830028
-120.9629955263
-6.7167179929
198.9935024612
-377.3337374556
374.6790334781
-535.1490247198
-291.7007514524
265.8720895342
603.5647722685
-323.8841345212
46.8537587037
-250.3995138124
47.6913783245
317.4863018823
134.1478221773
245.8863259968
127.2880830106
179.9571966287
-133.8040153669
-157.5782116633
-128.4886336795
2.3796487310
-385.4150207936
-2.5826388560
425.3539528545
208.1305527674
-45.4301023234
-51.5870315005
-182.1092007618
287.4627647131
-18.8599440062
180.1527482903
237.9824437388
101.8033944456
-174.5982221138
190.3402704261
-139.9677451945
-582.3443112198
-426.5377844437
-21.4529558634
-452.0707317274
173.8573797414
-307.7813659755
-312.7017046159
42.4910108702
-312.0969669652
112.2698342442
-64.0554265478
48.3173412383
-159.2053468251
-52.6681266225
-9.8981216072
256.2555480219
-250.1662197979
-147.6031376718
-285.2435684692
289.6361209802
74.9922511541
167.4100125831
-304.7925821786
-492.8570654504
-119.2096593388
-242.7609098771
-44.2366609196
4.8476191223
136.6222464514
43.7938963910
-143.1093391144
-363.4833834008
64.7292820124
-285.4066807755
319.1558049382
262.6467517020
111.6198814350
34.4689399519
79.0387708491
-122.3371257034
97.5479845244
-200.5389539394
-95.3200968570
0.8233227861
-134.6563767944
-216.3513136517
84.1543971881
-80.4220522881
-150.0905999723
-167.7074667450
2.9945033655
-104.1872242080
-224.2130793616
-133.9700050425
491.4680521429
-151.9532385699
409.5009329800
5.9317149871
-92.1500096372
217.4530036497
91.7920214115
362.5769996233
-207.6038772650
-160.3413600252
-174.4197534764
-326.7880220882
79.9194183776
-250.6447855565
417.5268638102
175.9266435949
7.7050741091
-143.1895916988
112.9505083992
-157.4431998336
-283.4927887216
171.2951837415
-462.9441198253
-212.6069115763
-34.7360187288
224.8167324931
-151.0498577712
-6.0175304292
-7.8773221917
-164.8846673652
-250.6188039078
321.5356170123
113.6778132841
-5.2831540574
119.6263141224
61.6674922818
7.6589654270
-268.6736364486
128.2458074442
-236.7829940974
110.5358996966
71.6464959330
-360.4955427943
25.6848500505
-78.4084452993
-38.8068789103
136.8856050639
20.7052947035
-233.0922263099
206.1392801113
-188.8708555102
-209.7306620680
-107.6553467062
99.5161481105
111.9196752817
287.4583707381
134.4738271046
356.4905011036
-294.8725641324
790.8141740151
-35.7043653673
-236.3841847879
-35.4427600995
-376.1609200824
-103.8415039889
-343.7940170521
-178.4984249904
-341.9779117927
2.5146348645
-241.1549275645
78.7925074568
247.5243838829
-438.1323180654
43.2426830755
-377.2001766443
-6.3145693684
202.2485538237
-151.2771971948
102.9953638541
4.9803905915
318.7117640309
637.7778776306
-26.9401898479
122.2848038946
-59.8882012765
71.7335950638
214.3810126007
-359.3028440891
-88.8327254900
-15.2554640725
-192.5916722536
-27.1515106198
-85.4243024481
495.1071488938
91.2809736153
-84.1776097943
439.0464963949
62.9306428654
119.0420321070
333.3759417605
18.2500736390
268.1961961422
86.3367325965
-120.9639043750
-92.1749853992
-232.8146153591
509.2237817306
495.1283697935
249.1032547171
-25.7507963982
193.8927508510
231.1605507748
257.1408291620
71.7486160188
2.9820686096
343.9519810656
-294.0300313065
-180.1038782649
28.2140210436
127.2060717486
100.5592048005
-60.2454775434
88.8694108299
-256.2139577020
-143.0414820753
-45.3016067290
48.3233974747
251.9480577629
132.2079675363
-184.1625289494
-260.8896690708
-112.0617870634
-358.5683467222
-88.7660570007
-38.9538164142
81.9752768225
-235.0733430273
-6.7936652013
104.8860228358
3.5347692720
416.5896605004
-107.7505228702
50.6624949175
-133.0178816362
-172.7130188584
-292.7355624472
3.5001857306
23.8136506113
-89.6914181241
170.1690050176
124.4116061185
-199.1589078916
-71.8421516570
-14.0838925684
9.4161394155
306.3352632654
-462.9897553354
45.8176833029
-80.1313931542
-343.5643012597
-42.1506084056
-295.9885484882
-172.7943440951
129.0765981493
218.9612581860
-40.2014575275
251.6567893650
191.6740439702
210.7547844696
-190.5951810311
209.3610252568
29.8683949688
197.0721509659
157.0736164085
-290.9154914745
380.9392282105
208.7908014578
185.9410321646
-38.4011610118
266.6248251704
331.3863809022
269.3201308051
204.1538953535
77.1538316188
87.0555352634
361.5830153927
-163.8664493900
133.3416108381
-123.4730188643
-41.1503658105
-77.0883286521
-175.0396452726
107.2088532446
225.9925686482
26.5095090864
31.1344002582
159.9999262726
407.6648101250
283.0195765658
-347.2245315333
-166.7095073667
360.1977682744
441.5472644961
103.4463015563
305.8715794839
38.8895740578
147.0543780852
310.8138023083
-83.0025679829
-196.7828300091
-44.3638109320
-117.3269221918
-76.3634517389
451.4848556754
-193.9635388786
-150.0006599155
260.2669689054
-149.1863288088
29.5268263656
145.3426538643
133.3403175237
-295.3945675725
208.1937268384
-310.2727107259
120.8682947742
286.6470017412
319.3659231202
152.5874384406
-662.7717121594
45.0710382797
-150.3505674849
-226.8845936327
-290.5758958135
-45.4677092430
82.5523097454
469.3930578225
-195.3639342197
-81.9129943963
461.4845876377
-80.2484667666
-566.3250145679
-127.7829611175
190.7223986874
-24.2696573215
-115.8265424490
309.0931422455
-434.0185125606
-432.3268405423
-25.2875478013
53.3600511486
786.6694478122
-17.6561938762
-74.4728017915
-60.6167275526
-146.2873892455
214.3056493996
-769.1366738667
-339.3825864596
-59.6641577118
-135.6050160114
-3.7968216732
439.0811405696
80.1625709456
-86.1111781121
441.1023928433
32.6621776769
51.9270252249
456.7470903132
-72.2644703373
296.8401619643
-163.9329853242
-77.7515260002
-234.9434050837
-7.7463099312
35.2466952296
1.6545540285
-218.6668094686
213.3363156327
55.6090078725
-165.3226992593
-202.7678528460
-160.9788660286
259.3344356118
-205.5047408245
300.4503607155
-154.3091545287
174.4914804350
-228.3916151444
-181.0234650211
195.9884430493
521.0754036903
-364.6984717165
317.7271573935
-321.9105813797
-192.0445507937
137.8278077283
355.3329412609
362.7308346796
-81.7441785971
-62.4686650455
9.1190246681
62.6813104385
122.4633332969
399.7657685632
-79.9134938875
-262.8085258126
180.3280433138
113.2170537213
-321.1843761700
19.5260686656
-355.4083295415
-110.6511312173
79.4938681090
-192.8505172723
410.2106517417
42.1902295960
561.1572591735
-55.1654013382
-91.5941875490
380.1211607457
-280.1951023473
-80.7034398946
277.1283081679
-291.1592052724
-167.6814424877
341.1247862544
-89.3104478727
430.2697793844
-279.7939872894
241.8910668359
-385.0519389608
-147.3253109806
10.4290324921
-268.6742789275
-268.9153385594
128.8018382926
64.6191489200
196.3315028550
196.8030713112
-50.8940304284
53.0238126618
516.0985180249
-83.4487454070
255.9992870513
66.0074895791
-392.2021739507
406.5697605289
-116.3357870519
258.9173458891
-336.6112944458
433.9463583474
23.3584899899
-151.0480781974
-167.0421122120
240.4342827127
539.3476345968
-203.3584096975
323.6612817277
-54.5415259488
38.0692927155
156.6186840940
-24.6705260528
51.5328771462
-89.3874682856
-252.1468105914
38.1904977944
-19.2906935682
20.9832788059
-161.8916040138
-265.2612493896
434.1616521066
-418.1828115524
102.8501793795
-136.8007838411
-231.8008131958
327.4774555686
321.8801147361
-366.6484220161
-101.0326307481
-116.8320919586
218.2659195574
151.2063675330
-195.3826056864
372.1945119566
517.1911114206
89.2264907917
224.8346137629
-50.2704877286
230.5121397463
-270.8135158312
-282.1639661634
118.3027852473
-57.9085994299
10.1318637351
-101.4220258751
187.9335467789
-260.0751657071
41.4127885676
-250.6365281101
-77.7611608184
383.5333008761
491.6221904522
-40.5068336843
-3.9739269079
-50.6266504946
-155.0144718627
-173.4865825946
-221.2958410317
-228.7005843039
-336.9992533027
47.0457627689
6.3813377813
59.1474635110
131.3095350196
255.8844140840
99.9898072437
258.7192486741
279.2467352416
274.4850550014
-158.1009169316
-661.1665592716
-249.0709401522
-47.9091975433
286.2152223326
-420.9735576424
174.6261324347
-282.9167318647
675.0370195470
-339.4118381952
141.6751573731
-46.4053186638
-430.4296812385
448.6376746956
-145.2930360042
-12.5830995014
4.7565539232
98.9569035427
0.2307182234
-405.7262393744
-122.8720410984
246.4074420785
-223.5874402673
-77.9574764100
150.7371135910
232.2277914443
-171.2900830026
-122.3955359539
-95.1538577677
-325.8754602549
402.5237054469
505.5764741724
-308.6672217123
-101.7999988027
401.0242335534
-183.0424769769
144.8882615553
-188.1024545036
212.1229580671
-153.4025473958
-21.5487408981
20.1947234867
222.1992336012
-273.9335356284
-279.7911181150
221.6485549326
214.8297835719
5.7685052850
314.5796570320
83.3527362621
515.7089220228
22.1223170998
-69.8794440029
27.1144921967
-175.7575639880
-24.6149145587
-98.9139595638
108.3745506357
271.8953831169
49.1092826720
32.7953223069
196.2764639794
-113.4640495511
150.3839786934
37.2218924119
94.5022600880
314.6373291439
111.9324891972
-654.0145313605
-48.1080966512
63.7693530123
-419.4970753449
191.5925168568
-393.9866306592
-30.9441080151
36.7748696135
197.8336641438
-151.1122457429
162.9892240068
-30.8122868886
243.0243659223
75.1346736387
-282.5942295552
-177.3032619344
232.1462087445
-130.9897991897
-51.5474598552
344.5777626637
-413.8651188858
139.8475376297
179.8557924904
134.4867557370
-166.8348461881
159.7821707610
164.6071323036
-101.7928858558
51.2530153581
-183.2833815673
-170.4667075216
300.3351548679
-98.3741467782
538.8142098536
632.4022933265
-62.4508993374
-41.7403117874
331.4755576237
-174.4462541839
212.7590193019
-174.2322265607
282.0778133409
-6.2500131342
13.5395991019
-172.9655574960
47.7675975052
-162.4945294736
-549.9159935595
247.9927910616
-57.4357631294
137.4597735330
-335.2822719538
272.9977265395
227.8278257927
253.1187075389
-100.5159091568
-57.7134396284
-400.7027406615
291.4072056677
117.5012863348
-227.6942147693
141.9187863634
-45.8266081469
68.1035866455
171.8643002960
-622.6059346242
-281.4657463656
393.8260523051
196.9481485605
-168.5851644930
-263.6676552734
103.5862730485
183.6775367042
-187.0158645704
15.1686982001
673.1296061542
172.1207081475
340.7429346239
296.9082382663
106.4428856820
-204.0495524112
240.8358740296
-229.2760487622
582.9340854665
169.3914185244
151.3320518024
166.5714056662
174.7319538646
347.7585592432
-35.5751403128
-111.7122944257
165.6557450876
178.5993768830
-57.3840453429
286.5472241282
-26.3573830085
-567.0296572200
-166.0055456195
-45.3637435844
254.1017486444
372.7015947068
73.9837068348
-193.4668436477
-403.6570453694
63.6734490831
281.9342027588
183.0973035406
76.7797464189
-221.1912520695
-164.0705295743
270.3666027212
-289.9020631337
-4.7295592711
-283.3801953150
-215.0097725525
30.1734494255
76.1399343994
-53.1150396528
193.5579349527
-286.5496936337
138.8580482168
290.9090755231
-231.1221728286
-84.1921569527
-64.4545575227
-418.9340731180
-287.8273016117
-75.3258627394
-113.8701154801
-172.3241022242
-194.0366207923
-196.2259374679
60.8200757295
115.8173043362
-182.7307026690
-61.2374739316
42.1244954453
-7.5427749192
-3.6683172086
62.7493278283
-365.3996750330
95.3927735655
-347.7972249834
169.5925130111
19.1764455574
-274.9889085680
332.3778766539
380.4709758849
-514.3898419436
214.9233329080
-278.1663295632
135.6628466567
-197.7833748457
-92.2396981935
268.4490604559
204.0179196747
-197.9191505860
-35.4638686319
82.5474004366
128.0764407301
-18.9460283975
113.6863227041
-298.8800766162
240.3372847817
-114.6963692387
-87.0919546094
148.5824219622
69.5842636492
258.8602946824
80.5399795254
-271.2244626957
164.3402420720
-4.4775575172
-244.1448528557
295.7311849925
-173.0412326458
126.9849167427
-403.5943375932
-250.6750607187
476.6301113566
-185.0046609793
19.2626360935
167.2720018779
223.6259773626
291.6455073703
-270.8838038755
-638.4623714445
179.1482390689
128.7415274393
-348.9623671972
-102.1701159117
-27.7554177474
32.1742992780
56.1406660897
-440.4808960420
66.0920620253
-89.9939447110
-134.5544937166
96.4473427454
19.2519293033
212.1544246672
137.0842657708
-237.4209148998
-198.0132735487
248.8147625000
151.6386867619
13.7244677113
-205.9971172343
154.0587734106
-285.9717666628
-141.3467614720
-308.9122394062
-267.7335021150
511.7846419206
140.9406927966
-31.0886144623
-344.7080269861
-238.7536376496
188.8065731862
-286.0962295065
314.5977721817
-58.3236082634
-35.5657076960
131.6303061930
-162.3626498321
-216.4122220052
-76.0694471722
462.0690332355
69.7075479196
107.3268453602
-120.1378262049
273.0565047994
-135.7591242162
-217.2610740538
-235.4034407441
-262.2966381301
768.8453834554
-89.1358620905
302.3835349893
125.2159979338
243.5572879298
209.5851626184
-307.2539641038
8.1322413967
276.4829785905
36.7091023682
-184.2685566276
314.6046047962
-336.1186103720
373.4808392040
47.2416530219
-74.3424747522
66.3457453206
-341.3847710717
-339.7704054091
-25.7291357564
-221.7801481554
218.0402088693
-45.3815044710
34.7709201437
467.3621023386
-103.2117958378
69.5671878915
-49.0481414985
-235.9874363716
420.0929668243
229.0151781533
-293.8617337810
301.9849255595
-67.0297126756
-97.8125332689
-149.4876367990
-157.9861692248
-511.7128786280
-329.2492035375
-83.4703521728
33.6810274811
-200.3841108361
-193.3439726384
365.6785724666
-92.3457787206
-133.1326456524
-214.8680278641
-24.9696927436
343.0657586659
-391.3229969577
-19.0025495458
-95.9233489570
95.9908592944
15.2832775629
394.6827979124
-96.6359893943
353.9929760765
-50.8590764719
-67.4334802985
94.5847875415
58.6911167785
-281.5733566124
282.6163902125
-27.3764506182
-61.4498137066
-132.3336542231
143.4322446336
-159.9693092763
-275.8794453809
-404.7992883554
256.9835147236
-182.8971289999
-104.0425224106
83.5677767277
-26.0677854200
355.8678899726
139.7918323812
-351.8771186110
-95.7346488510
-1.7816345219
154.6226990692
270.7022203593
-394.3904115344
414.2936481544
309.2106756294
-173.1642021493
-58.1266982415
189.6755412790
43.0015200550
203.8740077418
-149.8068636186
-78.2385218421
-221.6211964571
-292.3648617439
114.8856368558
-186.6631122625
21.4675482172
132.7463303624
-49.9207608738
23.4601130774
123.1289988375
71.5425501929
-154.8599290109
132.3504222594
149.0369347818
8.0349644651
82.9499400828
73.8910603262
268.1078351154
-592.6814715291
-39.6249373243
369.7241786953
-121.0113396681
-61.4248923131
-223.4027084528
34.8044238029
137.0742596139
-474.1003307319
-237.9211801293
-295.0620486062
110.8497003744
73.8898496543
-138.4363341318
71.0507356649
-187.0869873323
23.0300006504
63.2890030905
-259.8824878469
-91.0890064546
-190.4192527274
-105.2592291472
346.4285141005
-180.7151533947
292.7346649382
6.0508973172
319.6033241180
-166.2924542115
188.6264629975
-93.0655276573
62.0923510038
71.2931592573
-256.1290492259
-327.6338840513
-299.0993442886
-65.7815982807
-193.4108230977
-173.3622581132
-25.4499149943
194.1870276407
-236.0836285782
36.7613375204
131.0781781662
-302.9939126628
-236.2043598227
-123.9954000046
-5.0290721928
360.5478151094
65.8443529573
-217.2283276594
-30.1505333655
230.3196460471
93.2266394840
-369.9290979274
-132.3238317058
-113.9769296790
167.0366473784
185.6149380288
49.5819258577
-143.5680225025
75.8583510995
-20.4509062624
-308.8915707839
-99.8704662245
-462.7436795012
-346.4800348374
157.7886630583
83.4627605198
88.2884165719
7.0867728067
-312.3380451980
-46.6982670403
131.5496204560
-150.9473606917
-118.6296681107
-22.8657850885
-183.9232640474
-58.5867461232
216.7704041769
233.6511620267
-55.8755686167
17.3410390957
101.1421549524
124.1347227507
-177.7478663475
237.7171273511
-7.2857421419
-70.9628040951
264.6253783185
-298.9899878552
285.1916161569
141.2084311756
-6.7258534765
-40.0709105712
325.7360470269
230.5748575590
-143.4209939477
-68.9118881785
204.0897836648
277.8690299709
84.8063564395
-379.1451468291
41.7452596363
174.2759093118
50.4289599692
-195.7366860929
-147.8924580402
-53.9215710185
-191.1882754852
-344.9747461068
298.3641036408
-157.5074416838
356.5891885348
-305.8128266788
-254.7616015650
251.2711610309
-271.7810474541
106.0466236440
-152.2349151361
-119.2230498745
3.5882039106
-3.5215069681
-90.5318908769
722.9515600585
-577.4225870659
-237.1101742363
-206.5569116533
-66.6752476129
-509.0813072585
-267.8001086058
259.8472606400
-283.4363409419
108.5658374191
-146.7671875787
212.6997164572
-160.1955085490
-95.1221222313
98.4414299029
-44.5318847671
103.7470858455
-392.7766104306
63.6364039731
-31.2641524598
-158.0827417236
6.8635878676
296.6376721776
-87.3151431694
193.4338174332
449.6256703105
187.4474392905
145.7929426502
100.2942048080
-113.4577746107
94.8176023728
15.0528622832
285.1039743709
-184.8853545072
463.6304623463
-2.8063260304
286.3470325915
73.4993732052
-560.6473326564
112.8212844435
316.4708259297
30.8205976770
-358.8853575793
197.7966579351
213.9888026627
188.7375420892
-4.7926073188
-291.2162638923
-285.1378445317
-94.6214864406
-281.9817288763
271.7868100875
-86.2354103224
550.0932621798
-22.8220970008
-88.7670235919
272.9123831887
515.9488392285
-178.8767042778
-64.1935911996
111.6664517701
64.4908340206
193.2966387303
-51.7241356037
-41.3487777910
322.0678999133
0.3598194077
-8.6363443840
-255.0192606527
-309.2506359366
20.8649008883
-80.5466374527
8.9861577180
232.9585460657
439.1116175928
-185.7156031267
-210.5536835561
-55.7388810538
-223.6198071226
-30.3361063775
3.6073313168
18.7772419343
183.5645578401
-198.2340006661
175.4017348826
297.0845674983
177.4045815762
16.7819475565
170.3912219374
2.6715698495
-123.0883755272
242.8098034089
75.3534020397
222.7456279208
246.3387639184
539.5509231073
-55.9842790730
315.3376624435
64.0770356556
-130.7171894230
-382.2626388760
60.5460766082
-188.3214002725
-145.8794032972
-23.1833817468
67.4877003373
350.5588271968
-0.7280329598
-227.7684143786
-182.0173085770
9.7050461509
304.6364568804
606.6918925044
-352.8745605258
431.4700210823
-271.9800521783
-196.1483300324
579.0133562741
-458.1202728214
166.1044684561
458.9917780570
-47.9604157998
-85.3036132797
152.3351257179
185.7082057238
-438.8098062969
-252.8331002025
202.8867280018
-138.6686280733
173.1071920709
-69.1563958488
-88.8359787669
63.5189755555
35.3409975678
-183.6693147641
-212.5457447547
-230.2638032841
122.2866975459
-346.9599826748
-89.0272848198
4.1913313579
156.2475725234
67.1465421621
-47.1060973948
186.8881788239
389.0654219298
87.6362901582
-121.3724235694
201.5436710916
-6.8332609838
102.6657633288
-112.5315443675
-14.7236060216
288.0711567786
280.7584406854
-225.7983260219
-109.2112148387
-228.7180002635
-122.6997095428
-288.4059443707
-384.6412260113
-205.0492083918
49.9318679145
-119.5312372529
77.9327989211
578.3661483157
629.8257919934
-218.7053794573
-207.2263719237
271.1680810288
-438.0878535836
-379.4752891956
-352.5070959383
225.5108544310
35.2478668583
195.5981270333
-164.0029938700
-185.6191326598
-371.2648839326
138.9130538321
24.5273442524
-208.1487705112
-80.8684980731
-546.9793631178
-73.1892996161
-91.0048199179
351.1544654021
332.7262681928
481.6997320001
175.2538092118
-351.4905160039
265.8880258899
-346.8148181309
-249.3060828046
3.6178242765
545.7343631631
13.3911180245
-68.1041028162
-212.3698794627
209.4876057027
-383.2265583827
218.9756275792
230.8550047585
-440.2166121227
117.4067959074
-169.9581148124
276.7725860369
571.9743862894
2.5163991526
-22.4727729961
17.6244759424
77.0469186344
106.8807359018
-53.9080596622
-133.5265397584
82.9965946139
-279.2442577950
-211.4037057312
-197.2508532147
-226.9518475642
305.7869644219
-97.8319084618
262.7181773017
273.3451672279
31.1222646415
-121.8125365395
-27.5612665509
-11.9818032232
-333.6505363749
192.5518146141
-211.7955661843
-35.8937513955
282.3311019190
-196.4684298284
-370.9064875393
262.6374781352
-48.2315840022
-158.9175380771
-273.7645535252
84.0347531600
361.9414032680
-199.7447743851
148.8102936134
28.9799754878
-269.8485202012
87.4561165215
234.7740470988
-68.7374473678
-115.1773336315
-374.7273715556
-40.9192175677
202.3424882179
-36.8957384002
163.3607407846
145.9959122780
199.8466147183
-299.9362680752
-396.0239254023
-374.2506591073
169.4315928877
93.0700847820
-88.5100252265
-408.7102335972
250.1844882336
-206.3685419500
-184.9690122814
250.1789413953
-221.9384469081
-89.4103135857
-90.1351890693
-261.4407994904
309.4809635582
-91.6908367056
-37.5483710434
161.2264210180
-260.1464893587
-203.8463606364
176.2916892809
-9.4873195643
-800.3331317260
460.7443378173
-309.8593720145
18.0956885436
4.4647625609
-327.2263367564
158.9586928571
165.1971984384
-68.6930510891
40.2663379356
-244.2647625255
476.8724684401
66.7672061063
254.4175790003
480.3784206561
-115.4410498749
-238.4961675217
173.1640772869
468.4968984725
-104.4132238364
-84.6829924677
-144.4115463104
73.5047755631
161.7182591171
369.3567031209
95.9243876837
-49.2795572932
208.7509668172
-376.4011748181
483.6186586613
53.7430069521
101.8697988005
-39.4210167753
65.1881850003
117.5719702136
-90.7026413127
139.3572054748
43.1276821119
82.8683020574
-247.6418429788
-172.0811327758
236.8558264718
281.7307087821
-40.7274237784
-430.9268996617
-187.0439070506
-186.8614820289
-243.5016432420
-209.9496250156
-185.5171032680
3.4712596948
388.9648425136
-351.6452718485
-111.8675269596
182.5177382463
231.7906379502
59.2202144046
48.4704872300
422.3802304572
-408.3039340268
7.0693332651
-12.7247182928
84.4259937432
-93.9440803635
-158.7739200858
264.7946111858
196.3478857306
-80.8575301049
-130.3360430788
-65.9019389043
-130.7146710696
-224.8509402145
-245.9160189135
7.6529709467
25.4061764149
-445.6517483617
-277.4093033847
211.7037346032
-3.5216954370
244.3177632628
225.9799802953
188.3185835813
158.1991546760
226.7550990659
191.2442436974
206.1253445367
62.4195117366
-271.9120689178
-196.1114318960
-124.9074807933
-209.0216871769
68.8962383769
-129.4586706083
398.1280800090
29.5194621431
-18.1936211142
-11.7656905229
-72.0322513922
5.8734194278
-429.1089506339
65.4877254059
148.6233340681
-44.5943102422
13.3073828845
-254.4682460145
-20.3958779502
-114.2333312614
-93.2798713236
149.1734912667
309.8552651784
-48.9108237954
7.0946142606
24.1585987637
80.5381897149
-486.3624965661
-239.1476623690
-247.1596333725
214.5493684620
-489.9883177480
162.7197001378
89.4203164202
57.4503353469
298.3415453682
175.7814390465
120.2871338726
-211.3037108366
261.6917400732
95.0445374684
346.7803250174
121.8862488646
95.2504614786
25.9244430991
171.5784785446
-237.8386241835
-19.0345688031
85.6583937212
-152.8745354336
-232.6027926200
270.9174418364
-219.6472565211
-387.2170207139
61.3543633161
-325.2415302073
-267.2334828065
-344.5710029561
295.4925982595
-208.5617843542
-117.0645373015
251.7107758234
63.0041994517
89.3925014451
-36.3645378229
10.4843682723
70.2399256793
390.5938341710
-144.8549242146
-455.5142844764
-251.5990342323
22.1803171428
-377.8161508535
271.6417664377
174.2538541809
-339.8936786259
-130.1934369771
-214.8952808080
-293.6349129279
507.1411662824
203.9284294045
233.0046788021
162.9106135822
-47.9472011796
77.9853660076
-115.7282047388
69.2773864183
134.3486127378
-1.2777836208
-181.4029944107
-120.5252064681
-166.3943642455
-46.6403864487
-66.0401748489
285.1059508459
-247.7669818367
-21.5623672166
49.7291781949
187.7982891626
-76.8454647879
465.7394367646
-19.5757538024
115.2617739646
199.7125403852
-105.2945556249
-93.8609683796
389.9465592528
-17.0732237513
-474.2877441044
111.2428411285
-367.8023426705
-29.2507048887
26.6833357968
-135.7785509005
-89.8848176834
233.4209890858
-257.8393698821
-33.8917312919

